0.25 -1.5 -1.5
21 -1.5 -1.5
21 -1.5 -0.5
0.25 -1.5 -0.5
1.53081e-17 -1.25 -1.5
1.28588e-15 19.5 -1.5
1.28588e-15 19.5 -0.5
1.53081e-17 -1.25 -0.5
21 -1.5 -1.5
50.5 -1.5 -1.5
50.5 -1.5 -0.5
21 -1.5 -0.5
1.28588e-15 19.5 -1.5
3.09223e-15 49 -1.5
3.09223e-15 49 -0.5
1.28588e-15 19.5 -0.5
50.5 -1.5 -1.5
100.25 -1.5 -1.5
100.25 -1.5 -0.5
50.5 -1.5 -0.5
3.09223e-15 49 -1.5
6.13854e-15 98.75 -1.5
6.13854e-15 98.75 -0.5
3.09223e-15 49 -0.5
0.25 -1.5 -0.5
21 -1.5 -0.5
21 -1.5 0.5
0.25 -1.5 0.5
1.53081e-17 -1.25 -0.5
1.28588e-15 19.5 -0.5
1.28588e-15 19.5 0.5
1.53081e-17 -1.25 0.5
21 -1.5 -0.5
50.5 -1.5 -0.5
50.5 -1.5 0.5
21 -1.5 0.5
1.28588e-15 19.5 -0.5
3.09223e-15 49 -0.5
3.09223e-15 49 0.5
1.28588e-15 19.5 0.5
50.5 -1.5 -0.5
100.25 -1.5 -0.5
100.25 -1.5 0.5
50.5 -1.5 0.5
3.09223e-15 49 -0.5
6.13854e-15 98.75 -0.5
6.13854e-15 98.75 0.5
3.09223e-15 49 0.5
0.25 -1.5 0.5
21 -1.5 0.5
21 -1.5 1.5
0.25 -1.5 1.5
1.53081e-17 -1.25 0.5
1.28588e-15 19.5 0.5
1.28588e-15 19.5 1.5
1.53081e-17 -1.25 1.5
21 -1.5 0.5
50.5 -1.5 0.5
50.5 -1.5 1.5
21 -1.5 1.5
1.28588e-15 19.5 0.5
3.09223e-15 49 0.5
3.09223e-15 49 1.5
1.28588e-15 19.5 1.5
50.5 -1.5 0.5
100.25 -1.5 0.5
100.25 -1.5 1.5
50.5 -1.5 1.5
3.09223e-15 49 0.5
6.13854e-15 98.75 0.5
6.13854e-15 98.75 1.5
3.09223e-15 49 1.5
1.53081e-17 -1.25 -1.5
1.28588e-15 19.5 -1.5
1.28588e-15 19.5 -0.5
1.53081e-17 -1.25 -0.5
-0.25 -1.5 -1.5
-21 -1.5 -1.5
-21 -1.5 -0.5
-0.25 -1.5 -0.5
1.28588e-15 19.5 -1.5
3.09223e-15 49 -1.5
3.09223e-15 49 -0.5
1.28588e-15 19.5 -0.5
-21 -1.5 -1.5
-50.5 -1.5 -1.5
-50.5 -1.5 -0.5
-21 -1.5 -0.5
3.09223e-15 49 -1.5
6.13854e-15 98.75 -1.5
6.13854e-15 98.75 -0.5
3.09223e-15 49 -0.5
-50.5 -1.5 -1.5
-100.25 -1.5 -1.5
-100.25 -1.5 -0.5
-50.5 -1.5 -0.5
1.53081e-17 -1.25 -0.5
1.28588e-15 19.5 -0.5
1.28588e-15 19.5 0.5
1.53081e-17 -1.25 0.5
-0.25 -1.5 -0.5
-21 -1.5 -0.5
-21 -1.5 0.5
-0.25 -1.5 0.5
1.28588e-15 19.5 -0.5
3.09223e-15 49 -0.5
3.09223e-15 49 0.5
1.28588e-15 19.5 0.5
-21 -1.5 -0.5
-50.5 -1.5 -0.5
-50.5 -1.5 0.5
-21 -1.5 0.5
3.09223e-15 49 -0.5
6.13854e-15 98.75 -0.5
6.13854e-15 98.75 0.5
3.09223e-15 49 0.5
-50.5 -1.5 -0.5
-100.25 -1.5 -0.5
-100.25 -1.5 0.5
-50.5 -1.5 0.5
1.53081e-17 -1.25 0.5
1.28588e-15 19.5 0.5
1.28588e-15 19.5 1.5
1.53081e-17 -1.25 1.5
-0.25 -1.5 0.5
-21 -1.5 0.5
-21 -1.5 1.5
-0.25 -1.5 1.5
1.28588e-15 19.5 0.5
3.09223e-15 49 0.5
3.09223e-15 49 1.5
1.28588e-15 19.5 1.5
-21 -1.5 0.5
-50.5 -1.5 0.5
-50.5 -1.5 1.5
-21 -1.5 1.5
3.09223e-15 49 0.5
6.13854e-15 98.75 0.5
6.13854e-15 98.75 1.5
3.09223e-15 49 1.5
-50.5 -1.5 0.5
-100.25 -1.5 0.5
-100.25 -1.5 1.5
-50.5 -1.5 1.5
